JLREED:26.402:11
Harry:11.927:3
Ron:9.51:4
Percy:5.5:3
Ginny:3.599999999999995:5
George:2.1500000000000004:4
Bill:1.800000000000001:3
Fred:1.1000000000000003:3
Charlie:0.9000000000000002:3
